-0.0100 1.0000
-0.0100 0.9750
-0.0100 0.9500
-0.0100 0.9250
-0.0100 0.9000
-0.0100 0.8750
-0.0100 0.8500
-0.0100 0.8250
-0.0100 0.8000
-0.0100 0.7750
-0.0100 0.7500
-0.0100 0.7250
-0.0100 0.7000
-0.0100 0.6750
-0.0100 0.6500
-0.0100 0.6250
-0.0100 0.6000
-0.0100 0.5750
-0.0100 0.5500
-0.0100 0.5250
-0.0100 0.5000
-0.0100 0.4750
-0.0100 0.4500
-0.0100 0.4250
-0.0100 0.4000
-0.0100 0.3750
-0.0100 0.3500
-0.0100 0.3250
-0.0100 0.3000
-0.0100 0.2750
-0.0100 0.2500
-0.0100 0.2250
-0.0100 0.2000
-0.0100 0.1750
-0.0100 0.1500
-0.0100 0.1250
-0.0100 0.1000
-0.0100 0.0750
-0.0100 0.0500
-0.0100 0.0250
-0.0100 -0.0000
-0.0100 -0.0250
-0.0100 -0.0500
-0.0100 -0.0750
-0.0100 -0.1000
-0.0100 -0.1250
-0.0100 -0.1500
-0.0100 -0.1750
-0.0100 -0.2000
-0.0100 -0.2250
-0.0100 -0.2500
-0.0100 -0.2750
-0.0100 -0.3000
-0.0100 -0.3250
-0.0100 -0.3500
-0.0100 -0.3750
-0.0100 -0.4000
-0.0100 -0.4250
-0.0100 -0.4500
-0.0100 -0.4750
-0.0100 -0.5000
-0.0100 -0.5250
-0.0100 -0.5500
-0.0100 -0.5750
-0.0100 -0.6000
-0.0100 -0.6250
-0.0100 -0.6500
-0.0100 -0.6750
-0.0100 -0.7000
-0.0100 -0.7250
-0.0100 -0.7500
-0.0100 -0.7750
-0.0100 -0.8000
-0.0100 -0.8250
-0.0100 -0.8500
-0.0100 -0.8750
-0.0100 -0.9000
-0.0100 -0.9250
-0.0100 -0.9500
-0.0100 -0.9750
-0.0100 -1.0000
-0.0100 -1.0250
-0.0100 -1.0500
-0.0100 -1.0750
-0.0100 -1.1000
-0.0100 -1.1250
-0.0100 -1.1500
-0.0100 -1.1750
-0.0100 -1.2000
-0.0100 -1.2250
-0.0100 -1.2500
-0.0100 -1.2750
-0.0100 -1.3000
-0.0100 -1.3250
-0.0100 -1.3500
-0.0100 -1.3750
-0.0100 -1.4000
-0.0100 -1.4250
-0.0100 -1.4500
-0.0100 -1.4750
-0.0100 -1.5000
-0.0100 -1.5250
-0.0100 -1.5500
-0.0100 -1.5750
-0.0100 -1.6000
-0.0100 -1.6250
-0.0100 -1.6500
-0.0100 -1.6750
-0.0100 -1.7000
-0.0100 -1.7250
-0.0100 -1.7500
-0.0100 -1.7750
-0.0100 -1.8000
-0.0100 -1.8250
-0.0100 -1.8500
-0.0100 -1.8750
-0.0100 -1.9000
-0.0100 -1.9250
-0.0100 -1.9500
-0.0100 -1.9750
-0.0100 -2.0000
